[gd_scene load_steps=28 format=2]

[ext_resource path="res://levels/windworks/Windmill.tscn" type="PackedScene" id=1]
[ext_resource path="res://scenes/player/Player.tscn" type="PackedScene" id=2]
[ext_resource path="res://scenes/camera/Camera.tscn" type="PackedScene" id=3]
[ext_resource path="res://game_env.tres" type="Environment" id=4]
[ext_resource path="res://scenes/wind_building/WindBuilding.tscn" type="PackedScene" id=5]
[ext_resource path="res://scenes/tree/Tree.tscn" type="PackedScene" id=6]
[ext_resource path="res://scenes/fence/Fence.tscn" type="PackedScene" id=7]
[ext_resource path="res://scenes/grass/Grass.tscn" type="PackedScene" id=8]
[ext_resource path="res://levels/tiles/mountain/MountainBaked.meshlib" type="MeshLibrary" id=9]
[ext_resource path="res://ui/FPSCounter/FPSCounter.tscn" type="PackedScene" id=10]
[ext_resource path="res://scenes/drifloon/Drifloon.tscn" type="PackedScene" id=11]
[ext_resource path="res://scenes/sign/Sign.tscn" type="PackedScene" id=12]
[ext_resource path="res://scenes/mini_grass/MiniGrass.tscn" type="PackedScene" id=13]
[ext_resource path="res://scenes/rock/Rock.tscn" type="PackedScene" id=14]
[ext_resource path="res://scenes/water/Water.tscn" type="PackedScene" id=15]
[ext_resource path="res://scenes/bridge/Bridge.tscn" type="PackedScene" id=16]
[ext_resource path="res://scenes/Grunts/Grunt.tscn" type="PackedScene" id=17]
[ext_resource path="res://scenes/Grunts/GruntF.tscn" type="PackedScene" id=18]
[ext_resource path="res://scenes/dialogue/Dialogue.tscn" type="PackedScene" id=19]
[ext_resource path="res://ui/DialogueBox/DialogueBox.tscn" type="PackedScene" id=20]

[sub_resource type="SpatialMaterial" id=1]
albedo_color = Color( 0.337255, 0.592157, 0.486275, 1 )

[sub_resource type="BoxShape" id=2]
extents = Vector3( 9.7155, 1, 3 )

[sub_resource type="BoxShape" id=3]
extents = Vector3( 8.27383, 1, 3.45633 )

[sub_resource type="BoxShape" id=4]
extents = Vector3( 0.908859, 1, 3.47816 )

[sub_resource type="BoxShape" id=5]
extents = Vector3( 5.10892, 1, 1 )

[sub_resource type="BoxShape" id=6]
extents = Vector3( 0.569309, 1, 1 )

[sub_resource type="BoxShape" id=7]
extents = Vector3( 0.574427, 1, 0.640676 )

[node name="Windworks" type="Spatial"]

[node name="DirectionalLight" type="DirectionalLight" parent="."]
transform = Transform( -0.410176, -0.274582, 0.86969, 0.299095, 0.860361, 0.4127, -0.861567, 0.429399, -0.270774, 0, 0, 0 )
light_bake_mode = 2
shadow_enabled = true
shadow_color = Color( 0.427451, 0, 0.780392, 1 )
shadow_contact = 1.0
directional_shadow_mode = 0
directional_shadow_split_1 = 0.15
directional_shadow_split_2 = 0.3
directional_shadow_depth_range = 1

[node name="WorldEnvironment" type="WorldEnvironment" parent="."]
environment = ExtResource( 4 )

[node name="Camera" parent="." instance=ExtResource( 3 )]
transform = Transform( 1, 0, 0, 0, 0.824936, 0.565226, 0, -0.565226, 0.824936, -47.7714, 5.111, 8.1687 )
environment = ExtResource( 4 )
target_path = NodePath("../Player")
smoothing = 0.1

[node name="Player" parent="." groups=[
"player",
] instance=ExtResource( 2 )]
transform = Transform( 1, 0, 0, 0, 1, 0, 0, 0, 1, -47.7714, 0.75, 2.3507 )

[node name="Drifloon" parent="." instance=ExtResource( 11 )]
transform = Transform( 1, 0, 0, 0, 1, 0, 0, 0, 1, 5, 0, -2 )

[node name="Dialogue" parent="Drifloon" instance=ExtResource( 19 )]
lines = [ "[wave]Flooon![/wave]" ]

[node name="IndicatorAnchor" parent="Drifloon/Dialogue" index="1"]
transform = Transform( 1, 0, 0, 0, 1, 0, 0, 0, 1, 0, 2, 0 )

[node name="Layout" type="Spatial" parent="."]

[node name="Props" type="Spatial" parent="Layout"]

[node name="Trees" type="Spatial" parent="Layout/Props"]

[node name="Tree" parent="Layout/Props/Trees" instance=ExtResource( 6 )]
transform = Transform( 1, 0, 0, 0, 1, 0, 0, 0, 1, 10, 0, -2 )

[node name="Tree8" parent="Layout/Props/Trees" instance=ExtResource( 6 )]
transform = Transform( 1, 0, 0, 0, 1, 0, 0, 0, 1, 0, 0, -9 )

[node name="Tree9" parent="Layout/Props/Trees" instance=ExtResource( 6 )]
transform = Transform( 1, 0, 0, 0, 1, 0, 0, 0, 1, -22, 4, -24 )

[node name="Tree2" parent="Layout/Props/Trees" instance=ExtResource( 6 )]
transform = Transform( 0.972671, 0, -0.232189, 0, 1, 0, 0.232189, 0, 0.972671, -11.635, 0, -1.23093 )

[node name="Tree3" parent="Layout/Props/Trees" instance=ExtResource( 6 )]
transform = Transform( 0.93609, 0, 0.35176, 0, 1, 0, -0.35176, 0, 0.93609, -14.5966, 0, -1.32714 )

[node name="Tree5" parent="Layout/Props/Trees" instance=ExtResource( 6 )]
transform = Transform( 0.746255, 0, -0.66566, 0, 1, 0, 0.66566, 0, 0.746255, -13.2887, 0, 1.26941 )

[node name="Tree7" parent="Layout/Props/Trees" instance=ExtResource( 6 )]
transform = Transform( 0.746255, 0, -0.66566, 0, 1, 0, 0.66566, 0, 0.746255, -15.9067, 0, 0.84605 )

[node name="Tree6" parent="Layout/Props/Trees" instance=ExtResource( 6 )]
transform = Transform( 0.629307, 0, -0.777157, 0, 1, 0, 0.777157, 0, 0.629307, -17.2704, 0, -1.42336 )

[node name="Tree4" parent="Layout/Props/Trees" instance=ExtResource( 6 )]
transform = Transform( 0.753024, 0, -0.657993, 0, 1, 0, 0.657993, 0, 0.753024, -10.5202, 0, 1 )

[node name="Tree10" parent="Layout/Props/Trees" instance=ExtResource( 6 )]
transform = Transform( 0.753024, 0, -0.657993, 0, 1, 0, 0.657993, 0, 0.753024, -34.9145, 0, 6.55191 )

[node name="Tree33" parent="Layout/Props/Trees" instance=ExtResource( 6 )]
transform = Transform( 0.753024, 0, -0.657993, 0, 1, 0, 0.657993, 0, 0.753024, -37.9145, 0, -11.4481 )

[node name="Tree11" parent="Layout/Props/Trees" instance=ExtResource( 6 )]
transform = Transform( 0.753024, 0, -0.657993, 0, 1, 0, 0.657993, 0, 0.753024, -34.5202, 0, 9 )

[node name="Tree12" parent="Layout/Props/Trees" instance=ExtResource( 6 )]
transform = Transform( 0.753024, 0, -0.657993, 0, 1, 0, 0.657993, 0, 0.753024, -34.901, 0, 10.984 )

[node name="Tree16" parent="Layout/Props/Trees" instance=ExtResource( 6 )]
transform = Transform( -0.154986, 0, -0.987917, 0, 1, 0, 0.987917, 0, -0.154986, -37.4116, 0, 6.81352 )

[node name="Tree17" parent="Layout/Props/Trees" instance=ExtResource( 6 )]
transform = Transform( 0.753024, 0, -0.657993, 0, 1, 0, 0.657993, 0, 0.753024, -37.7906, 0, 9.06511 )

[node name="Tree18" parent="Layout/Props/Trees" instance=ExtResource( 6 )]
transform = Transform( 0.753024, 0, -0.657993, 0, 1, 0, 0.657993, 0, 0.753024, -37.5202, 0, 11 )

[node name="Tree22" parent="Layout/Props/Trees" instance=ExtResource( 6 )]
transform = Transform( 0.753024, 0, -0.657993, 0, 1, 0, 0.657993, 0, 0.753024, -40.3511, 0, 7.19205 )

[node name="Tree23" parent="Layout/Props/Trees" instance=ExtResource( 6 )]
transform = Transform( 0.753024, 0, -0.657993, 0, 1, 0, 0.657993, 0, 0.753024, -41.0522, 0, 9.02955 )

[node name="Tree24" parent="Layout/Props/Trees" instance=ExtResource( 6 )]
transform = Transform( 0.996411, 0, -0.0846516, 0, 1, 0, 0.0846516, 0, 0.996411, -40.0178, 0, 10.9704 )

[node name="Tree28" parent="Layout/Props/Trees" instance=ExtResource( 6 )]
transform = Transform( 0.981912, 0, 0.189336, 0, 1, 0, -0.189336, 0, 0.981912, -43.5202, 0, 7 )

[node name="Tree29" parent="Layout/Props/Trees" instance=ExtResource( 6 )]
transform = Transform( 0.753024, 0, -0.657993, 0, 1, 0, 0.657993, 0, 0.753024, -43.5202, 0, 9 )

[node name="Tree30" parent="Layout/Props/Trees" instance=ExtResource( 6 )]
transform = Transform( 0.753024, 0, -0.657993, 0, 1, 0, 0.657993, 0, 0.753024, -43.5202, 0, 11 )

[node name="Tree34" parent="Layout/Props/Trees" instance=ExtResource( 6 )]
transform = Transform( 0.753024, 0, -0.657993, 0, 1, 0, 0.657993, 0, 0.753024, -46.6058, 0, 6.82534 )

[node name="Tree35" parent="Layout/Props/Trees" instance=ExtResource( 6 )]
transform = Transform( -0.0489543, 0, -0.998801, 0, 1, 0, 0.998801, 0, -0.0489543, -46.5202, 0, 9 )

[node name="Tree36" parent="Layout/Props/Trees" instance=ExtResource( 6 )]
transform = Transform( 0.753024, 0, -0.657993, 0, 1, 0, 0.657993, 0, 0.753024, -46.9329, 0, 10.8302 )

[node name="Tree40" parent="Layout/Props/Trees" instance=ExtResource( 6 )]
transform = Transform( -0.16336, 0, -0.986566, 0, 1, 0, 0.986566, 0, -0.16336, -49.6027, 0, 6.69931 )

[node name="Tree41" parent="Layout/Props/Trees" instance=ExtResource( 6 )]
transform = Transform( 0.753024, 0, -0.657993, 0, 1, 0, 0.657993, 0, 0.753024, -49.5202, 0, 9 )

[node name="Tree42" parent="Layout/Props/Trees" instance=ExtResource( 6 )]
transform = Transform( -0.255125, 0, -0.966908, 0, 1, 0, 0.966908, 0, -0.255125, -49.4821, 1.90735e-06, 11.0016 )

[node name="Tree46" parent="Layout/Props/Trees" instance=ExtResource( 6 )]
transform = Transform( -0.628493, 0, -0.777816, 0, 1, 0, 0.777816, 0, -0.628493, -52.5202, 0, 7 )

[node name="Tree47" parent="Layout/Props/Trees" instance=ExtResource( 6 )]
transform = Transform( 0.753024, 0, -0.657993, 0, 1, 0, 0.657993, 0, 0.753024, -52.5202, 0, 9 )

[node name="Tree48" parent="Layout/Props/Trees" instance=ExtResource( 6 )]
transform = Transform( 0.753024, 0, -0.657993, 0, 1, 0, 0.657993, 0, 0.753024, -52.8927, 0, 11.1546 )

[node name="Tree58" parent="Layout/Props/Trees" instance=ExtResource( 6 )]
transform = Transform( -0.16336, 0, -0.986566, 0, 1, 0, 0.986566, 0, -0.16336, -58.6027, 0, -1.30069 )

[node name="Tree72" parent="Layout/Props/Trees" instance=ExtResource( 6 )]
transform = Transform( -0.16336, 0, -0.986566, 0, 1, 0, 0.986566, 0, -0.16336, -58.6027, 2, -13.3007 )

[node name="Tree73" parent="Layout/Props/Trees" instance=ExtResource( 6 )]
transform = Transform( -0.16336, 0, -0.986566, 0, 1, 0, 0.986566, 0, -0.16336, -65.6027, 4, -13.3007 )

[node name="Tree74" parent="Layout/Props/Trees" instance=ExtResource( 6 )]
transform = Transform( -0.16336, 0, -0.986566, 0, 1, 0, 0.986566, 0, -0.16336, -30.6027, 0, -27.3007 )

[node name="Tree59" parent="Layout/Props/Trees" instance=ExtResource( 6 )]
transform = Transform( 0.753024, 0, -0.657993, 0, 1, 0, 0.657993, 0, 0.753024, -55.5202, 0, 1 )

[node name="Tree60" parent="Layout/Props/Trees" instance=ExtResource( 6 )]
transform = Transform( -0.255125, 0, -0.966908, 0, 1, 0, 0.966908, 0, -0.255125, -55.4821, 1.90735e-06, 3.0016 )

[node name="Tree61" parent="Layout/Props/Trees" instance=ExtResource( 6 )]
transform = Transform( 0.753024, 0, -0.657993, 0, 1, 0, 0.657993, 0, 0.753024, -55.0485, 0, 4.94054 )

[node name="Tree62" parent="Layout/Props/Trees" instance=ExtResource( 6 )]
transform = Transform( 0.753024, 0, -0.657993, 0, 1, 0, 0.657993, 0, 0.753024, -55.5202, 0, 7 )

[node name="Tree63" parent="Layout/Props/Trees" instance=ExtResource( 6 )]
transform = Transform( 0.753024, 0, -0.657993, 0, 1, 0, 0.657993, 0, 0.753024, -55.5202, 0, 10 )

[node name="Tree64" parent="Layout/Props/Trees" instance=ExtResource( 6 )]
transform = Transform( -0.628493, 0, -0.777816, 0, 1, 0, 0.777816, 0, -0.628493, -55.5202, 0, -1 )

[node name="Tree65" parent="Layout/Props/Trees" instance=ExtResource( 6 )]
transform = Transform( 0.753024, 0, -0.657993, 0, 1, 0, 0.657993, 0, 0.753024, -58.5202, 0, 1 )

[node name="Tree66" parent="Layout/Props/Trees" instance=ExtResource( 6 )]
transform = Transform( 0.753024, 0, -0.657993, 0, 1, 0, 0.657993, 0, 0.753024, -58.8927, 0, 3.15463 )

[node name="Tree67" parent="Layout/Props/Trees" instance=ExtResource( 6 )]
transform = Transform( 0.753024, 0, -0.657993, 0, 1, 0, 0.657993, 0, 0.753024, -58.095, 0, 4.82778 )

[node name="Tree68" parent="Layout/Props/Trees" instance=ExtResource( 6 )]
transform = Transform( 0.753024, 0, -0.657993, 0, 1, 0, 0.657993, 0, 0.753024, -58.5202, 0, 10 )

[node name="Tree69" parent="Layout/Props/Trees" instance=ExtResource( 6 )]
transform = Transform( 0.753024, 0, -0.657993, 0, 1, 0, 0.657993, 0, 0.753024, -58.5202, 0, 7 )

[node name="Windmills" type="Spatial" parent="Layout/Props"]

[node name="Windmill" parent="Layout/Props/Windmills" instance=ExtResource( 1 )]
transform = Transform( -1.62921e-07, 0, -1, 0, 1, 0, 1, 0, -1.62921e-07, -4, 0, -8 )

[node name="Windmill2" parent="Layout/Props/Windmills" instance=ExtResource( 1 )]
transform = Transform( -1.62921e-07, 0, -1, 0, 1, 0, 1, 0, -1.62921e-07, -9, 0, -3 )

[node name="Windmill3" parent="Layout/Props/Windmills" instance=ExtResource( 1 )]
transform = Transform( -1.62921e-07, 0, -1, 0, 1, 0, 1, 0, -1.62921e-07, 8, 0, 2 )

[node name="Windmill4" parent="Layout/Props/Windmills" instance=ExtResource( 1 )]
transform = Transform( -1.62921e-07, 0, -1, 0, 1, 0, 1, 0, -1.62921e-07, -6, 4, -23 )

[node name="Windmill5" parent="Layout/Props/Windmills" instance=ExtResource( 1 )]
transform = Transform( -1.62921e-07, 0, -1, 0, 1, 0, 1, 0, -1.62921e-07, 5, 1, 12 )

[node name="Windmill6" parent="Layout/Props/Windmills" instance=ExtResource( 1 )]
transform = Transform( -1.62921e-07, 0, -1, 0, 1, 0, 1, 0, -1.62921e-07, -22, 4, -16 )

[node name="Windmill7" parent="Layout/Props/Windmills" instance=ExtResource( 1 )]
transform = Transform( -1.62921e-07, 0, -1, 0, 1, 0, 1, 0, -1.62921e-07, 16, 2, 10 )

[node name="Windmill8" parent="Layout/Props/Windmills" instance=ExtResource( 1 )]
transform = Transform( -1.62921e-07, 0, -1, 0, 1, 0, 1, 0, -1.62921e-07, 18, 2, 2 )

[node name="Windmill9" parent="Layout/Props/Windmills" instance=ExtResource( 1 )]
transform = Transform( -1.62921e-07, 0, -1, 0, 1, 0, 1, 0, -1.62921e-07, 16.0052, 2, -4.96925 )

[node name="Fences" type="Spatial" parent="Layout/Props"]

[node name="Fence" parent="Layout/Props/Fences" instance=ExtResource( 7 )]
transform = Transform( 1, 0, 0, 0, 1, 0, 0, 0, 1, 2, 0, -6.5 )

[node name="Fence2" parent="Layout/Props/Fences" instance=ExtResource( 7 )]
transform = Transform( 1, 0, 0, 0, 1, 0, 0, 0, 1, 1, 0, -6.5 )

[node name="Fence3" parent="Layout/Props/Fences" instance=ExtResource( 7 )]
transform = Transform( 1, 0, 0, 0, 1, 0, 0, 0, 1, 0, 0, -6.5 )

[node name="Fence4" parent="Layout/Props/Fences" instance=ExtResource( 7 )]
transform = Transform( 1, 0, 0, 0, 1, 0, 0, 0, 1, -1, 0, -6.5 )

[node name="Fence5" parent="Layout/Props/Fences" instance=ExtResource( 7 )]
transform = Transform( 1, 0, 0, 0, 1, 0, 0, 0, 1, -2, 0, -6.5 )

[node name="Fence6" parent="Layout/Props/Fences" instance=ExtResource( 7 )]
transform = Transform( 1, 0, 0, 0, 1, 0, 0, 0, 1, -3, 0, -6.5 )

[node name="Fence7" parent="Layout/Props/Fences" instance=ExtResource( 7 )]
transform = Transform( 1, 0, 0, 0, 1, 0, 0, 0, 1, -4, 0, -6.5 )

[node name="Fence8" parent="Layout/Props/Fences" instance=ExtResource( 7 )]
transform = Transform( 1, 0, 0, 0, 1, 0, 0, 0, 1, -5, 0, -6.5 )

[node name="Fence9" parent="Layout/Props/Fences" instance=ExtResource( 7 )]
transform = Transform( 1, 0, 0, 0, 1, 0, 0, 0, 1, -6, 0, -6.5 )

[node name="Fence10" parent="Layout/Props/Fences" instance=ExtResource( 7 )]
transform = Transform( 1, 0, 0, 0, 1, 0, 0, 0, 1, -7, 0, -6.5 )

[node name="Fence11" parent="Layout/Props/Fences" instance=ExtResource( 7 )]
transform = Transform( 1, 0, 0, 0, 1, 0, 0, 0, 1, -8, 0, -6.5 )

[node name="Fence12" parent="Layout/Props/Fences" instance=ExtResource( 7 )]
transform = Transform( 1, 0, 0, 0, 1, 0, 0, 0, 1, -9, 0, -6.5 )

[node name="Fence13" parent="Layout/Props/Fences" instance=ExtResource( 7 )]
transform = Transform( 1, 0, 0, 0, 1, 0, 0, 0, 1, -9.54427, 0, -6.5 )

[node name="Fence14" parent="Layout/Props/Fences" instance=ExtResource( 7 )]
transform = Transform( 1, 0, 0, 0, 1, 0, 0, 0, 1, -43, 0, -2.5 )

[node name="Fence15" parent="Layout/Props/Fences" instance=ExtResource( 7 )]
transform = Transform( 1, 0, 0, 0, 1, 0, 0, 0, 1, -44, 0, -2.5 )

[node name="Fence16" parent="Layout/Props/Fences" instance=ExtResource( 7 )]
transform = Transform( 1, 0, 0, 0, 1, 0, 0, 0, 1, -45, 0, -2.5 )

[node name="Fence17" parent="Layout/Props/Fences" instance=ExtResource( 7 )]
transform = Transform( 1, 0, 0, 0, 1, 0, 0, 0, 1, -46, 0, -2.5 )

[node name="Fence18" parent="Layout/Props/Fences" instance=ExtResource( 7 )]
transform = Transform( 1, 0, 0, 0, 1, 0, 0, 0, 1, -47, 0, -2.5 )

[node name="Fence19" parent="Layout/Props/Fences" instance=ExtResource( 7 )]
transform = Transform( 1, 0, 0, 0, 1, 0, 0, 0, 1, -48, 0, -2.5 )

[node name="Fence20" parent="Layout/Props/Fences" instance=ExtResource( 7 )]
transform = Transform( 1, 0, 0, 0, 1, 0, 0, 0, 1, -49, 0, -2.5 )

[node name="Fence21" parent="Layout/Props/Fences" instance=ExtResource( 7 )]
transform = Transform( 1, 0, 0, 0, 1, 0, 0, 0, 1, -50, 0, -2.5 )

[node name="Fence22" parent="Layout/Props/Fences" instance=ExtResource( 7 )]
transform = Transform( 1, 0, 0, 0, 1, 0, 0, 0, 1, -51, 0, -2.5 )

[node name="Fence23" parent="Layout/Props/Fences" instance=ExtResource( 7 )]
transform = Transform( 1, 0, 0, 0, 1, 0, 0, 0, 1, -52, 0, -2.5 )

[node name="Fence24" parent="Layout/Props/Fences" instance=ExtResource( 7 )]
transform = Transform( 1, 0, 0, 0, 1, 0, 0, 0, 1, -53, 0, -2.5 )

[node name="Fence25" parent="Layout/Props/Fences" instance=ExtResource( 7 )]
transform = Transform( 1, 0, 0, 0, 1, 0, 0, 0, 1, -54, 0, -2.5 )

[node name="Fence26" parent="Layout/Props/Fences" instance=ExtResource( 7 )]
transform = Transform( 1, 0, 0, 0, 1, 0, 0, 0, 1, -54.5443, 0, -2.5 )

[node name="Fence27" parent="Layout/Props/Fences" instance=ExtResource( 7 )]
transform = Transform( 1, 0, 0, 0, 1, 0, 0, 0, 1, -42, 0, -2.5 )

[node name="Fence33" parent="Layout/Props/Fences" instance=ExtResource( 7 )]
transform = Transform( 1, 0, 0, 0, 1, 0, 0, 0, 1, -36, 0, -2.5 )

[node name="Fence34" parent="Layout/Props/Fences" instance=ExtResource( 7 )]
transform = Transform( 1, 0, 0, 0, 1, 0, 0, 0, 1, -37, 0, -2.5 )

[node name="Fence35" parent="Layout/Props/Fences" instance=ExtResource( 7 )]
transform = Transform( 1, 0, 0, 0, 1, 0, 0, 0, 1, -38, 0, -2.5 )

[node name="Fence36" parent="Layout/Props/Fences" instance=ExtResource( 7 )]
transform = Transform( 1, 0, 0, 0, 1, 0, 0, 0, 1, -39, 0, -2.5 )

[node name="Fence37" parent="Layout/Props/Fences" instance=ExtResource( 7 )]
transform = Transform( 1, 0, 0, 0, 1, 0, 0, 0, 1, -40, 0, -2.5 )

[node name="Fence38" parent="Layout/Props/Fences" instance=ExtResource( 7 )]
transform = Transform( 1, 0, 0, 0, 1, 0, 0, 0, 1, -41, 0, -2.5 )

[node name="Fence39" parent="Layout/Props/Fences" instance=ExtResource( 7 )]
transform = Transform( 1, 0, 0, 0, 1, 0, 0, 0, 1, -41.5443, 0, -2.5 )

[node name="Grass" type="Spatial" parent="Layout/Props"]

[node name="Grass3" parent="Layout/Props/Grass" instance=ExtResource( 8 )]
transform = Transform( 1, 0, 0, 0, 1, 0, 0, 0, 1, 10, 0, 3 )
span = Vector2( 1, 3 )
reset_meshes = false

[node name="Grass2" parent="Layout/Props/Grass" instance=ExtResource( 8 )]
transform = Transform( 1, 0, 0, 0, 1, 0, 0, 0, 1, 7, 0, 4.5 )
span = Vector2( 2, 1.5 )
reset_meshes = false

[node name="Grass" parent="Layout/Props/Grass" instance=ExtResource( 8 )]
transform = Transform( 1, 0, 0, 0, 1, 0, 0, 0, 1, 10.5, 0, -6 )
span = Vector2( 0.5, 7 )
reset_meshes = false

[node name="Grass4" parent="Layout/Props/Grass" instance=ExtResource( 8 )]
transform = Transform( 1, 0, 0, 0, 1, 0, 0, 0, 1, -4, 0, -8.25499 )
span = Vector2( 6, 1.5 )
reset_meshes = false

[node name="Grass5" parent="Layout/Props/Grass" instance=ExtResource( 8 )]
transform = Transform( 1, 0, 0, 0, 1, 0, 0, 0, 1, -4, 0, -5 )
span = Vector2( 6, 1 )
reset_meshes = false

[node name="Grass6" parent="Layout/Props/Grass" instance=ExtResource( 8 )]
transform = Transform( 1, 0, 0, 0, 1, 0, 0, 0, 1, -5, 0, 1 )
span = Vector2( 5, 1 )
reset_meshes = false

[node name="Grass7" parent="Layout/Props/Grass" instance=ExtResource( 8 )]
transform = Transform( 1, 0, 0, 0, 1, 0, 0, 0, 1, -3, 0, -2 )
span = Vector2( 5, 2 )
reset_meshes = false

[node name="Grass8" parent="Layout/Props/Grass" instance=ExtResource( 8 )]
transform = Transform( 1, 0, 0, 0, 1, 0, 0, 0, 1, -9, 0, -1 )
reset_meshes = false

[node name="MiniGrass" parent="Layout/Props/Grass" instance=ExtResource( 13 )]
transform = Transform( 1, 0, 0, 0, 1, 0, 0, 0, 1, -5, 0, 1.81118 )
span = Vector2( 5, 0.5 )
reset_meshes = false

[node name="MiniGrass2" parent="Layout/Props/Grass" instance=ExtResource( 13 )]
transform = Transform( 1, 0, 0, 0, 1, 0, 0, 0, 1, 2.24603, 0, -3 )
span = Vector2( 0.25, 3 )
reset_meshes = false

[node name="MiniGrass3" parent="Layout/Props/Grass" instance=ExtResource( 13 )]
transform = Transform( 1, 0, 0, 0, 1, 0, 0, 0, 1, 9.71917, 0, -3 )
span = Vector2( 0.25, 3 )
reset_meshes = false

[node name="MiniGrass4" parent="Layout/Props/Grass" instance=ExtResource( 13 )]
transform = Transform( 1, 0, 0, 0, 1, 0, 0, 0, 1, 4.988, 0, 4.51176 )
span = Vector2( 0.5, 1.5 )
reset_meshes = false

[node name="MiniGrass5" parent="Layout/Props/Grass" instance=ExtResource( 13 )]
transform = Transform( 1, 0, 0, 0, 1, 0, 0, 0, 1, -14, 0, 0 )
span = Vector2( 4, 2 )
reset_meshes = false

[node name="MiniGrass6" parent="Layout/Props/Grass" instance=ExtResource( 13 )]
transform = Transform( 1, 0, 0, 0, 1, 0, 0, 0, 1, -43, 0, 10 )
span = Vector2( 10, 5 )
reset_meshes = false

[node name="MiniGrass7" parent="Layout/Props/Grass" instance=ExtResource( 13 )]
transform = Transform( 1, 0, 0, 0, 1, 0, 0, 0, 1, -47, 0, -9.19073 )
span = Vector2( 7, 0.5 )
reset_meshes = false

[node name="MiniGrass8" parent="Layout/Props/Grass" instance=ExtResource( 13 )]
transform = Transform( 1, 0, 0, 0, 1, 0, 0, 0, 1, -38, 0, -10.7496 )
span = Vector2( 2, 2 )
reset_meshes = false

[node name="MiniGrass9" parent="Layout/Props/Grass" instance=ExtResource( 13 )]
transform = Transform( 1, 0, 0, 0, 1, 0, 0, 0, 1, -57, 0, 6.25044 )
span = Vector2( 4, 8 )
reset_meshes = false

[node name="MiniGrass10" parent="Layout/Props/Grass" instance=ExtResource( 13 )]
transform = Transform( 1, 0, 0, 0, 1, 0, 0, 0, 1, -45, 0, -1.74956 )
span = Vector2( 8, 0.5 )
reset_meshes = false

[node name="MiniGrass11" parent="Layout/Props/Grass" instance=ExtResource( 13 )]
transform = Transform( 1, 0, 0, 0, 1, 0, 0, 0, 1, -52, 0, -0.749557 )
reset_meshes = false

[node name="Grass9" parent="Layout/Props/Grass" instance=ExtResource( 8 )]
transform = Transform( 1, 0, 0, 0, 1, 0, 0, 0, 1, -47, 0, -15 )
span = Vector2( 7, 6 )
reset_meshes = false

[node name="Grass10" parent="Layout/Props/Grass" instance=ExtResource( 8 )]
transform = Transform( 1, 0, 0, 0, 1, 0, 0, 0, 1, -35, 0, -30 )
span = Vector2( 5, 2 )
reset_meshes = false

[node name="Grass11" parent="Layout/Props/Grass" instance=ExtResource( 8 )]
transform = Transform( 1, 0, 0, 0, 1, 0, 0, 0, 1, -31, 0, -25 )
span = Vector2( 2, 3 )
reset_meshes = false

[node name="WindBuilding" parent="Layout/Props" instance=ExtResource( 5 )]
transform = Transform( 1, 0, 0, 0, 1, 0, 0, 0, 1, 6, 0, -10 )

[node name="Sign" parent="Layout/Props" instance=ExtResource( 12 )]
transform = Transform( 1, 0, 0, 0, 1, 0, 0, 0, 1, 1, 0, 1 )
text = "VALLEY WINDWORKS
Ecological, Wind-Driven Energy"

[node name="Sign2" parent="Layout/Props" instance=ExtResource( 12 )]
transform = Transform( 1, 0, 0, 0, 1, 0, 0, 0, 1, -48, 0, 1 )
text = "Arrow key or WASD to walk
SPACE to talk"

[node name="Rock" parent="Layout/Props" instance=ExtResource( 14 )]
transform = Transform( 1.9606, 0, -0.395007, 0, 2, 0, 0.395007, 0, 1.9606, 16, -0.8, -12 )

[node name="Rock2" parent="Layout/Props" instance=ExtResource( 14 )]
transform = Transform( 0.368863, 0, -1.96569, 0, 2, 0, 1.96569, 0, 0.368863, 17, -0.8, -17 )

[node name="Rock3" parent="Layout/Props" instance=ExtResource( 14 )]
transform = Transform( 0.15208, 0, 1.99421, 0, 2, 0, -1.99421, 0, 0.15208, 15, -0.8, -15 )

[node name="Rock4" parent="Layout/Props" instance=ExtResource( 14 )]
transform = Transform( 0.15208, 0, 1.99421, 0, 2, 0, -1.99421, 0, 0.15208, -56, -0.8, -7 )

[node name="Rock5" parent="Layout/Props" instance=ExtResource( 14 )]
transform = Transform( -1.71608, 0, 1.02717, 0, 2, 0, -1.02717, 0, -1.71608, -56, -0.8, -4.49815 )

[node name="Bridges" type="Spatial" parent="Layout/Props"]

[node name="Bridge" parent="Layout/Props/Bridges" instance=ExtResource( 16 )]
transform = Transform( 2, 0, 0, 0, 1, 0, 0, 0, 2, -32, 0, -3.5 )

[node name="Bridge2" parent="Layout/Props/Bridges" instance=ExtResource( 16 )]
transform = Transform( 2, 0, 0, 0, 1, 0, 0, 0, 2, -32, 0, -5.54615 )

[node name="Bridge3" parent="Layout/Props/Bridges" instance=ExtResource( 16 )]
transform = Transform( 2, 0, 0, 0, 1, 0, 0, 0, 2, -32, 0, -7.60892 )

[node name="Cliffs" type="GridMap" parent="Layout"]
mesh_library = ExtResource( 9 )
cell_size = Vector3( 1, 1, 1 )
cell_center_y = false
cell_scale = 0.8
data = {
